1356.211702
1119.910532
1136.463781
1396.409421
1007.799742
1105.770971
1594.577515
1068.230254
1404.911869
1377.994252
1061.837287
1339.174683
1361.303985
1520.488590
1477.283861
1534.989199
1111.150675
1319.451884
1429.266267
1252.681187
1134.062024
1099.427350
1407.481971
1171.724441
1167.903176
1135.911152
1490.289272
1145.765361
1025.776532
1364.492510
1368.082024
1465.030789
1218.563719
1694.339715
1462.072802
1019.714711
1095.416955
1237.136818
1240.810919
1435.601838
1420.449560
1329.021901
1455.399071
1657.202235
1453.278581
1555.202655
1087.998597
1246.036189
1497.592532
1183.674157
1174.569639
1228.012394
1360.319683
1385.626118
1204.001158
1098.094827
1389.613830
1227.614993
1238.301434
1280.251390
1574.547274
1048.716726
1257.326474
1651.499227
1007.680448
1224.898740
1120.704445
1355.171024
1327.697433
1140.590741
1116.571469
1367.040701
1144.123954
1244.975656
1204.318729
1497.300309
1252.073571
1054.883840
968.592267
1288.161096
1473.649177
1353.607741
1416.258969
1234.736413
1359.856940
1190.753054
1362.473790
1185.725456
1265.981918
1523.463806
1290.390363
1448.014509
1374.461715
1338.334974
1122.440059
1349.612681
1245.466527
1014.502996
1314.140048
1456.668100
