Index | Elevation (m) | Distance (m)
----------------------------------------
    0 |       1264.00 |         0.00
    1 |       1285.00 |       123.85
    2 |       1285.00 |       213.45
    3 |       1333.00 |       323.50
    4 |       1310.00 |       418.87
    5 |       1318.00 |       517.41
    6 |       1318.00 |       587.78
    7 |       1339.00 |       771.72
    8 |       1375.00 |       932.77
    9 |       1417.00 |      1118.27
   10 |       1486.00 |      1370.81
   11 |       1524.00 |      1610.05
   12 |       1553.00 |      1821.16
   13 |       1630.00 |      1997.39
   14 |       1757.00 |      2149.88
   15 |       1794.00 |      2320.63
   16 |       1828.00 |      2508.86
   17 |       1887.00 |      2713.03
   18 |       1975.00 |      2904.98
   19 |       1975.00 |      3020.67
   20 |       2031.00 |      3069.34
