-225.985567
-307.242467
605.040138
21.939046
197.386330
-211.110630
175.070176
106.084879
-158.029590
395.838457
193.521948
274.376140
-197.786303
343.862741
111.588144
363.873944
438.271207
465.378497
-320.418278
403.636924
-411.877943
131.337437
177.050580
158.363384
-247.594427
-633.227751
210.361788
247.179062
277.102389
143.370207
239.528726
-77.708786
-209.247631
136.448959
-332.232592
207.594770
-332.742615
254.789562
-68.221221
-368.220039
-283.196946
169.629921
319.663172
-191.767801
-269.714854
218.119865
-307.389705
51.861301
274.928484
10.927006
-130.835928
354.599262
-14.322909
-364.513457
-72.720806
318.423714
-239.260821
-139.479518
-591.280700
-502.122348
-179.505452
-219.498304
-428.519860
-323.967014
196.206360
-168.348522
-318.106825
-126.222325
-333.503043
424.269822
-107.655131
243.892416
-273.182754
-283.041426
552.888793
-175.686754
260.375321
-338.997598
-239.569410
-293.054442
-330.945462
383.845224
-191.965245
-428.980278
209.023218
517.656520
140.395280
331.078265
60.923940
476.091108
305.178396
311.422930
-118.084176
-130.622200
-321.132911
-384.476129
341.157721
483.220604
-273.871294
-223.722454
