1486.411905
1242.445560
1347.372401
1099.741775
1162.121455
1141.639378
1432.466322
1396.311392
1090.093642
1473.911762
1246.959540
1490.341046
1349.295628
1272.351779
1093.581175
1520.544262
1453.731174
1216.614634
1184.420503
1232.843312
1353.091841
1144.837454
1647.075221
1412.115859
1429.766808
1273.917755
961.900884
1269.661666
1185.268025
1350.338769
1375.744462
964.035191
1272.281909
1474.439770
1558.031756
1227.353887
1460.894339
1369.230264
1406.048066
1587.623825
1484.426915
1216.161448
1031.671761
1436.462218
1474.904678
1149.127298
1429.232346
1340.715325
1239.724219
1470.302508
1134.435174
1366.616994
1331.967742
1602.427225
1213.814012
1333.379345
1141.735343
1256.600746
1224.236330
1261.854135
1547.385961
1225.978016
1206.816952
1245.904318
1306.412582
1297.336472
1423.024494
1119.389102
1426.568598
1106.680801
1271.637414
1155.489781
1349.377834
1383.625383
1369.958260
1610.511282
1558.259106
1230.339785
1218.396207
1274.589453
1214.224709
1132.444558
1341.433472
1184.867904
1187.999935
1383.433391
1153.656122
1216.459341
1364.340730
1257.502184
1234.964500
1104.766247
1323.442109
1436.022438
1494.815679
1490.302880
1390.574690
1342.119561
1305.508473
1104.898943
